10,142
10,263
10,305
10,130
10,294
10,112
10,106
10,16
10,2
10,3
11,19
11,20
11,23
11,17
11,28
11,25
11,2
11,3
8,9
8,10
8,4
12,2
12,1
12,3
19,2
19,1
19,3
18,1
18,3
14,5
14,3
13,1
13,3
129,4
129,3
129,2
129,1
129,0
128,8
128,7
128,6
128,5
128,4
128,3
128,2
128,1
128,0
124,5
124,4
124,3
124,2
124,1
124,0
122,5
122,4
122,3
122,2
122,1
122,0
121,4
121,3
121,2
121,1
121,0
120,3
120,2
120,1
120,0
117,4
117,3
117,2
117,1
117,0
116,5
116,4
116,3
116,2
116,1
116,0
115,3
115,2
115,1
115,0
114,5
114,4
114,3
114,2
114,1
114,0
110,4
110,3
110,2
110,1
110,0
107,5
107,4
107,3
107,1
101,4
101,3
101,2
101,1
75,6
75,3
75,1
65,3
65,1
58,4
58,3
58,1
42,4
42,1
36,3
36,1
33,3
33,1
24,3
24,2
24,1
20,3
20,2
20,1
14,1
14,6
